Reading no	start region	end region	net	gross	centroid	comments peak

1	590	770	667580	701949	683.441	First reading, no barrier
2	610	770	698038	738982	692.306	No barrier
3	610	770	286538	320168	692.161	Al barrier

5	590	740	32554	41030	661.341	243s. Cu barrier (1.3cm)	667(estimate)
6	590	740	12831	15685	662.302	94s. Cu barrier (1.3 cm)	667(estimate)
7	590	740	4868	6969	660.394	170s. 2Cu blocks (2.6 cm)	677(estimate)
8	590	740	9075	13201	660.271	324s. 2.6 cm Cu			672keV
9	590	740	4321	6272	657.969	452s	3.9cm Cu		670.07
	600	740	3492	5943	661.442	452	3.9			
10	590	740	851	1827	656.215	264	5.2			664
	600	740	1092	1723	659.730	264s	5.2
	630	700	223	1204	664.381	
11	590	740	873	2651	655.086	803s	
	600	740	742	2493	659	803	
	630	700	403	1593	664.294	803S	6cm			677.14	
12	590	740	653	1761	653.4				
	600	740	565	1616	658.526
	630	700	382	1014	664.5	531s	6cm			670.27	
Al
13	590	740	37022	40623	667	99s	0.9cm Al		672	
	600	740	35888	40159	668
	630	700	15151	33398	667.477		

14	590	740	83063	93114	669.4	232s	0.9cm Al		674
	600	740	82037	55528	670.315	
	630	700	34368	75319	669

15	590	740	17300	20676	668.7		
	600	740	16989	20280	670
	630	700	7291	16.253	669	140	2cm Al			675

16	590	740	16405	20156	669.4	133	2cm Al			675
	600	740	16346	19777	670.8
	630	700	6500	15636	669.35

17	590	740	15897	20322	669	
	600	740	15853	19844	670.84
	630	700	5594	15151	670	247	3.2cm Al		677

18	590	740	8463	10714	669.39	132	3.2			677
	600	740	8696	10447	671.28		
	630	700	2511	7901	669.97	

19	590	740	4633	6209	667.6
	600	740	4549	6018	669.88
	630	700	1522	4568	669.36	133	4.5cm Al		681
	
20	590	740	6215	7941	668.353	166	4.5			178
	600	740	6255	7726	670.425
	630	700	1510	5746	670

21	590	740	1508	2550	665.849	96	6.1	679.16
	600	740	1588	2423	669.434	
	630	700	651	1759	668.456

22	590	*look at graph*				6.1

23	590	*look at graph*				7.3

24	590	*look at graph*				7.3

25	590	*look at graph*				8.6

26	590	*look at graph*				8.6

Pb
27	590	*look at graph*				1

28	590	*look at graph*				1

29	590	*look at graph*				2

30	590	*look at graph*				2

31	590	*look at graph*				2.4

32	590	*look at graph*				2.4

33	590	*look at graph*				3.4

34	590	*look at graph*				3.4

35	590	*look at graph*				3.8

36	590	*look at graph*				3.8

37	Cu1.3|Pb 1|Cu|1

38	Cu1.3|Pb 1|Cu|1

Na22

4	460	580	35860	62749	514.920 Positron electron annihilation! Cu barrier
